.Random.seed <-
c(403L, 374L, -1672037696L, -1363310547L, -1745266663L, 1332534442L, 
-1742665491L, 1937125631L, -304477675L, 2112861633L, -1605547446L, 
1314235164L, -1187801460L, -1918001482L, 2088248554L, 262018473L, 
99267757L, -1737762826L, 813013181L, -1868125786L, 191971885L, 
-1038905442L, 1297516738L, -7398335L, 1708251061L, 172768439L, 
-1172774535L, 530593029L, 1484876506L, 1724404482L, 694125012L, 
144149204L, 1934428987L, -929254033L, 1991832434L, 1723353651L, 
1041673794L, 220444360L, -77646281L, -1032203841L, -506158195L, 
-610600360L, -1263128595L, 1554526001L, -879866651L, 851344016L, 
477203976L, 1569653574L, 1991118136L, -871223355L, 1788977397L, 
1707925979L, -1694643063L, -278422235L, -473412216L, 650889076L, 
-1533940268L, -1379142432L, 277377086L, 973357486L, 994978337L, 
1280731711L, -1677693141L, 619792951L, 348297483L, -123771681L, 
1669815164L, 896902932L, 953332294L, -689049796L, -1531084649L, 
-1868936308L, -242123859L, -1923221538L, 1432565140L, 723956901L, 
2122949615L, 722974430L, -530138244L, 2003284124L, 1125246951L, 
868790280L, 520076964L, -939759488L, 523549755L, -1258969591L, 
-713748735L, -1747257155L, -1794591227L, -1608363171L, -502932991L, 
-150220415L, 2065992217L, 833121184L, 705289534L, 680829452L, 
-805677421L, 1601262538L, 738637754L, -286657899L, -1679492880L, 
110979684L, -1938538291L, 1945680080L, 348032523L, 862063162L, 
622722518L, 79813605L, 1107382365L, -1221137580L, 96656228L, 
1388383479L, 2129750993L, 307575865L, 1554083563L, 1337160185L, 
-800380497L, -2066629388L, 1240746735L, -400074512L, -945292963L, 
-175618635L, -859190843L, -549400506L, 131548163L, 143558496L, 
-418011184L, -1129993112L, -2139015709L, -1780313451L, 1064645853L, 
1648221112L, 1706254979L, -585141467L, -1780450729L, 1548136416L, 
836987199L, 1775435430L, -1624512612L, 1832855751L, 1862473104L, 
-133110349L, 41267913L, -101852807L, 209395682L, 583458883L, 
29860189L, -165266586L, -651583500L, -2057681740L, -225478697L, 
-431416663L, -2098030084L, 220152638L, 1433910170L, -1253980797L, 
1670064803L, -850298745L, -713653917L, 2122021258L, -973634562L, 
-976726567L, 957544143L, 1415206517L, 478169401L, -1815335901L, 
829987972L, 1353871107L, 1019139083L, -1155174476L, 1186662218L, 
1085501822L, 2106354937L, 441943817L, -755610903L, 2036181746L, 
-601082689L, 662742528L, 1414863383L, 629344979L, -1604971520L, 
1112957379L, 775941251L, -1993644142L, -717639115L, 1420669225L, 
-390028468L, -567405737L, -983415529L, -1600064459L, 203482137L, 
1903707707L, 687324438L, 841292918L, 1351875797L, -318317222L, 
-879860209L, -674383905L, -2042701590L, -1526814053L, -797391840L, 
1784423887L, 195246864L, -350227206L, -600353842L, -1796716713L, 
-476678668L, -1265605245L, -532235711L, 37948891L, 1784924939L, 
789592081L, 586976068L, 849374556L, -560572431L, 536404556L, 
-242038154L, 655321191L, 2127247551L, -1493006929L, -999429770L, 
-406349553L, 1509766636L, 717899482L, 2009214565L, 55597836L, 
-382585898L, -1175668497L, -1900275745L, 193245665L, 439133903L, 
1883788648L, 171593526L, -1913845798L, 1332701577L, -1468124943L, 
-829650616L, 742529507L, 957699997L, -1164724257L, -1655838586L, 
757978568L, -998275506L, -1517147777L, 2002919536L, 1698745861L, 
-550302180L, 1196810374L, -1522746838L, 1780796220L, 1285230667L, 
-1450155138L, -1222489621L, 1765131817L, 1762693464L, -1732700742L, 
1454091120L, 1855179748L, 264620736L, 786718170L, -512027591L, 
-1286823210L, 297015180L, -575794448L, -1870352477L, 52504811L, 
1500960988L, -1448988241L, 882254742L, 93282848L, 1537469414L, 
-1493819830L, 211654172L, 1433242757L, -421679496L, -1094702073L, 
-1216573241L, 1370593824L, -1995276274L, 938918957L, -870798411L, 
-1481491238L, -1247136685L, -1712018122L, 1936877489L, 1665634539L, 
-959913583L, 1009874444L, 465695209L, -515278670L, 382999810L, 
-1610228520L, -796488065L, -723996128L, 1730744270L, -81098198L, 
-425916359L, -2098612532L, -1967629499L, 942155426L, 307561607L, 
-1718309341L, -1401901517L, 1582799540L, -988301747L, -1244591846L, 
-2002779480L, -2005008715L, -801849108L, 1111611459L, 910920867L, 
-839630340L, 336727389L, 632324041L, -165860885L, -914902762L, 
-1972857192L, 1869554776L, 1082645788L, -1208933100L, -1557301208L, 
-1222353100L, 1292800628L, 700137005L, 2133280533L, -402930082L, 
-714206545L, 1583835788L, -1362627331L, 952053926L, 230434410L, 
168185226L, 1821689608L, 431952090L, 1176603090L, -1390239876L, 
-1439699140L, -808597361L, -1053954064L, 1215765961L, -2007440253L, 
1501442803L, -545242405L, 1720722571L, 958544886L, 552505166L, 
534900602L, 2002154961L, 1281450306L, 1657830290L, -565667110L, 
1540642410L, -776507069L, -510055380L, -583808388L, -1509377136L, 
-1614447722L, -756830796L, -1488302187L, -1641251672L, -202640437L, 
-528829013L, 1459037244L, -1987543614L, 173495306L, 965172582L, 
-1166543188L, 1924990124L, 1732321976L, -1893576244L, -1141480005L, 
864061304L, 1938312449L, 257167594L, 1719486649L, 1931713464L, 
530336911L, 177004773L, -146300027L, 2146742800L, 1199949013L, 
1062425006L, 244887629L, -893694935L, -2117040129L, 500685956L, 
243405951L, -190633874L, -701755597L, -1351965016L, 339174830L, 
1517742818L, -446321239L, 776938346L, 1821910960L, -499591495L, 
-1846384000L, -1762203617L, 2139576809L, -1468276255L, -948518979L, 
1744349694L, -1496205181L, -1863539379L, -440652333L, 1809896257L, 
1284900663L, -426318372L, 1641344893L, -1353093311L, 466324583L, 
-1795929208L, -2025695168L, 514258588L, -1845321289L, 982637437L, 
845474811L, -1734332669L, 1149322351L, 1036137384L, -1378724994L, 
-1349800027L, -158546114L, 2052411322L, 938476860L, 1014035106L, 
436886739L, -2116560122L, 413429486L, 895830980L, -1084531505L, 
-1203831007L, -1458851846L, -64161064L, 2035254338L, -842450383L, 
856039010L, 1520215624L, 1779218116L, 872818063L, 1679895386L, 
2095562040L, 415939356L, -1226136575L, -1892453904L, -950194157L, 
-1047530962L, -632516920L, -1913308485L, 1174163304L, 1532663180L, 
2008886682L, 2015099415L, 93456787L, -1234881830L, -512880607L, 
-13454088L, -84945075L, -127322349L, -835204341L, 1463384975L, 
1548760117L, -856631208L, 1856114615L, 1191578604L, -1094443699L, 
311815474L, 1630069883L, 1085880289L, -1906695633L, -617131412L, 
-452164725L, 1764202785L, 623369005L, -2086116760L, -1267538491L, 
1861068327L, -1642754044L, 512274715L, -901022589L, 2114816980L, 
-782827466L, -1681074904L, 1223204085L, 1687944303L, 134088793L, 
899531984L, -1845628316L, -308533276L, -1916566161L, -896569173L, 
2039667694L, 1057041521L, 674701882L, -1005095694L, -568603089L, 
-203231148L, -923828062L, 441556427L, 1446573273L, -1271099888L, 
-341724716L, 479620454L, 1262400431L, 662321567L, -1363615337L, 
696474477L, 1686032314L, 690616945L, 128387963L, 950079770L, 
-1252072374L, -744328409L, -766575203L, 1906930159L, -1077429334L, 
121195909L, 176992495L, -74462411L, 789751892L, 1766998883L, 
-975718233L, -139481680L, -1709748659L, -525983846L, 792660653L, 
1496155108L, 950375125L, 856031717L, 1931496692L, 1119855740L, 
-1882318097L, 843388588L, 2005501272L, 1839393428L, -2090299558L, 
1535181067L, 1101281387L, -37785630L, -2021712289L, 1369834070L, 
-1044050479L, -1798040585L, 1897887539L, 506427857L, -505321277L, 
-11265958L, 513520796L, 595861980L, 1979815155L, -573876506L, 
-205111393L, 1296457508L, 561439798L, 2140283441L, 1169650524L, 
1423420007L, 231731092L, 1180985557L, -615626961L, 1298114890L, 
-1423046432L, -695950333L, 1641706621L, -1192382096L, -1564673525L, 
-316978318L, 561702018L, 2000347292L, 701270559L, -171534066L, 
1704565131L, 533076346L, -1158062443L, -1408608513L, 711869122L, 
-1400185291L, -1317788295L, 673494746L, -952268966L, -984042577L, 
-738860135L, -822976790L, -1628669409L, -1331083543L, -42117956L, 
1991810620L, -448393232L, 164932343L, 438424872L, 92660044L, 
665856101L, -118369798L, 839281513L, 1947089438L, 1917051903L, 
-579416704L, 1371785210L, -1809009523L, -218372548L, -2067322832L, 
1745070027L, -504750068L, -1764299057L, 1814240079L, -1741654069L, 
